Date,High,Low,Open,Close,Volume,Adj Close
2012-12-31,191.67999267578125,188.83999633789062,189.22999572753906,191.5500030517578,4684900.0,149.57321166992188
2013-01-02,196.35000610351562,193.8000030517578,194.08999633789062,196.35000610351562,4234100.0,153.3213348388672
2013-01-03,196.2899932861328,194.44000244140625,195.6699981689453,195.27000427246094,3644700.0,152.47796630859375
2013-01-04,194.4600067138672,192.77999877929688,194.19000244140625,193.99000549316406,3380200.0,151.47848510742188
2013-01-07,193.77999877929688,192.33999633789062,193.39999389648438,193.13999938964844,2862300.0,150.81475830078125
2013-01-08,193.3000030517578,191.60000610351562,192.9199981689453,192.8699951171875,3026900.0,150.6039581298828
2013-01-09,193.49000549316406,191.64999389648438,193.47999572753906,192.32000732421875,3212000.0,150.17446899414062
2013-01-10,192.9600067138672,191.27999877929688,192.64999389648438,192.8800048828125,3608100.0,150.61178588867188
2013-01-11,195.0,192.89999389648438,194.14999389648438,194.4499969482422,3880400.0,151.8376922607422
2013-01-14,193.27999877929688,191.75,192.82000732421875,192.6199951171875,4172200.0,150.4087371826172
2013-01-15,192.72999572753906,190.38999938964844,191.30999755859375,192.5,4172100.0,150.31503295898438
2013-01-16,193.17999267578125,191.35000610351562,192.0,192.58999633789062,2962900.0,150.3852996826172
2013-01-17,194.4600067138672,193.24000549316406,193.85000610351562,193.64999389648438,3881600.0,151.2130126953125
2013-01-18,195.0,193.8000030517578,194.02999877929688,194.47000122070312,4559600.0,151.85328674316406
2013-01-22,196.0800018310547,194.00999450683594,194.36000061035156,196.0800018310547,7172300.0,153.11050415039062
2013-01-23,208.5800018310547,203.36000061035156,203.5,204.72000122070312,12530500.0,159.8571014404297
2013-01-24,205.05999755859375,203.0800018310547,203.91000366210938,204.4199981689453,4447200.0,159.62283325195312
2013-01-25,205.17999267578125,204.1300048828125,204.4499969482422,204.97000122070312,3358900.0,160.05230712890625
2013-01-28,206.22000122070312,204.2899932861328,204.85000610351562,204.92999267578125,2823700.0,160.02105712890625
2013-01-29,205.72999572753906,203.63999938964844,204.33999633789062,203.89999389648438,3617100.0,159.21673583984375
2013-01-30,204.8800048828125,203.19000244140625,203.69000244140625,203.52000427246094,2998400.0,158.92005920410156
2013-01-31,204.47000122070312,202.9600067138672,203.32000732421875,203.07000732421875,3091400.0,158.56869506835938
2013-02-01,205.35000610351562,203.83999633789062,204.64999389648438,205.17999267578125,3370700.0,160.21629333496094
2013-02-04,205.02000427246094,203.57000732421875,204.19000244140625,203.7899932861328,3188800.0,159.130859375
2013-02-05,204.75,202.50999450683594,204.30999755859375,202.7899932861328,3636900.0,158.3500518798828
2013-02-06,201.2899932861328,199.55999755859375,200.38999938964844,201.02000427246094,3624200.0,157.6286163330078
2013-02-07,200.91000366210938,198.67999267578125,200.6199951171875,199.74000549316406,3076700.0,156.6249237060547
2013-02-08,202.08999633789062,199.67999267578125,199.97000122070312,201.67999267578125,2893300.0,158.14614868164062
2013-02-11,201.9499969482422,199.75,200.97999572753906,200.16000366210938,2944700.0,156.9542694091797
2013-02-12,200.74000549316406,199.02000427246094,200.00999450683594,200.0399932861328,2461800.0,156.86016845703125
2013-02-13,200.9499969482422,199.57000732421875,200.64999389648438,200.08999633789062,2169800.0,156.89935302734375
2013-02-14,200.32000732421875,199.25999450683594,199.72999572753906,199.64999389648438,3294200.0,156.55435180664062
2013-02-15,201.25,199.82000732421875,199.97999572753906,200.97999572753906,3627800.0,157.59725952148438
2013-02-19,201.88999938964844,200.22000122070312,200.60000610351562,200.32000732421875,2998300.0,157.07974243164062
2013-02-20,201.72000122070312,198.86000061035156,200.6199951171875,199.30999755859375,3715400.0,156.28770446777344
2013-02-21,199.07000732421875,198.11000061035156,198.6300048828125,198.3300018310547,3922900.0,155.51927185058594
2013-02-22,201.08999633789062,198.83999633789062,199.22999572753906,201.08999633789062,3107900.0,157.6835174560547
2013-02-25,202.49000549316406,197.50999450683594,201.6699981689453,197.50999450683594,3844800.0,154.8762664794922
2013-02-26,199.89999389648438,197.83999633789062,198.6300048828125,199.13999938964844,3391600.0,156.15443420410156
2013-02-27,202.75,198.60000610351562,198.88999938964844,202.3300018310547,4185100.0,158.6558837890625
2013-02-28,203.1199951171875,200.7899932861328,202.17999267578125,200.8300018310547,4689200.0,157.47964477539062
2013-03-01,202.94000244140625,199.36000061035156,200.64999389648438,202.91000366210938,3308300.0,159.1106414794922
2013-03-04,205.19000244140625,202.5500030517578,202.58999633789062,205.19000244140625,3693400.0,160.8984832763672
2013-03-05,207.6999969482422,205.69000244140625,205.86000061035156,206.52999877929688,3807800.0,161.9492950439453
2013-03-06,208.49000549316406,206.66000366210938,207.02999877929688,208.3800048828125,3594800.0,163.39991760253906
2013-03-07,209.60000610351562,208.24000549316406,208.2899932861328,209.4199981689453,3884400.0,164.21543884277344
2013-03-08,210.74000549316406,209.42999267578125,209.85000610351562,210.3800048828125,3700500.0,164.96823120117188
2013-03-11,210.1999969482422,209.0399932861328,210.0399932861328,210.0800018310547,3049700.0,164.7329864501953
2013-03-12,210.72999572753906,209.08999633789062,209.39999389648438,210.5500030517578,3591600.0,165.10154724121094
2013-03-13,212.36000061035156,209.77000427246094,210.1999969482422,212.05999755859375,3355900.0,166.28555297851562
2013-03-14,215.86000061035156,212.14999389648438,212.14999389648438,215.8000030517578,5505500.0,169.21832275390625
2013-03-15,215.89999389648438,213.41000366210938,215.3800048828125,214.9199981689453,7930300.0,168.5282745361328
2013-03-18,214.5,212.63999938964844,212.89999389648438,213.2100067138672,3006000.0,167.18736267089844
2013-03-19,215.1199951171875,211.8300018310547,214.1300048828125,213.44000244140625,3198600.0,167.36769104003906
2013-03-20,215.82000732421875,214.3000030517578,214.75999450683594,215.05999755859375,3019000.0,168.63800048828125
2013-03-21,213.0,210.11000061035156,212.9600067138672,212.25999450683594,5830400.0,166.44244384765625
2013-03-22,213.1699981689453,211.6199951171875,212.2100067138672,212.0800018310547,3031500.0,166.30130004882812
2013-03-25,212.80999755859375,210.0500030517578,212.5399932861328,210.74000549316406,3242500.0,165.25051879882812
2013-03-26,212.5,211.5,211.77000427246094,212.36000061035156,2300300.0,166.52084350585938
2013-03-27,212.16000366210938,210.10000610351562,210.9600067138672,210.88999938964844,3223400.0,165.3681182861328
2013-03-28,213.44000244140625,209.74000549316406,209.8300018310547,213.3000030517578,3749900.0,167.25791931152344
2013-04-01,213.5,211.25,212.8000030517578,212.3800048828125,2144500.0,166.53652954101562
2013-04-02,214.7100067138672,211.57000732421875,212.9199981689453,214.36000061035156,3116800.0,168.08909606933594
2013-04-03,214.88999938964844,212.6300048828125,214.32000732421875,212.66000366210938,3128800.0,166.75608825683594
2013-04-04,212.92999267578125,210.0399932861328,212.77000427246094,211.30999755859375,3709500.0,165.697509765625
2013-04-05,209.83999633789062,206.33999633789062,209.10000610351562,209.41000366210938,4148000.0,164.20762634277344
2013-04-08,209.32000732421875,207.3300018310547,209.07000732421875,209.32000732421875,2351200.0,164.13702392578125
2013-04-09,210.0,208.61000061035156,209.55999755859375,209.22000122070312,2577300.0,164.05865478515625
2013-04-10,212.50999450683594,210.47000122070312,211.86000061035156,212.0,3524200.0,166.238525390625
2013-04-11,213.08999633789062,210.85000610351562,211.5,212.9199981689453,3655600.0,166.9599151611328
2013-04-12,211.49000549316406,209.77999877929688,210.7899932861328,211.3800048828125,3165400.0,165.75234985351562
2013-04-15,211.69000244140625,209.25999450683594,210.44000244140625,209.25999450683594,4218100.0,164.0899658203125
2013-04-16,212.0,209.1999969482422,210.83999633789062,212.0,2859500.0,166.238525390625
2013-04-17,211.08999633789062,209.5,210.52999877929688,209.6699981689453,3269800.0,164.4114990234375
2013-04-18,210.25,206.14999389648438,210.11000061035156,207.14999389648438,6502000.0,162.43544006347656
2013-04-19,196.5,189.75999450683594,195.74000549316406,190.0,18847000.0,148.9873809814453
2013-04-22,191.3800048828125,187.67999267578125,191.14999389648438,187.8300018310547,9845400.0,147.2857666015625
2013-04-23,192.5500030517578,188.61000061035156,189.27000427246094,191.61000061035156,6296100.0,150.24984741210938
2013-04-24,192.5,191.08999633789062,192.16000366210938,191.7100067138672,3693900.0,150.3282928466797
2013-04-25,195.1699981689453,192.32000732421875,192.69000244140625,193.9499969482422,4650900.0,152.08473205566406
2013-04-26,194.7100067138672,193.25,194.16000366210938,194.30999755859375,3490300.0,152.36705017089844
2013-04-29,199.67999267578125,194.64999389648438,194.77999877929688,199.14999389648438,5932400.0,156.16229248046875
2013-04-30,202.58999633789062,197.35000610351562,199.1300048828125,202.5399932861328,7539900.0,158.820556640625
2013-05-01,202.1699981689453,199.1999969482422,201.8699951171875,199.6300048828125,4899100.0,156.5386962890625
2013-05-02,202.42999267578125,199.75,200.1199951171875,202.38999938964844,3945100.0,158.702880859375
2013-05-03,205.32000732421875,203.75,203.94000244140625,204.50999450683594,4492700.0,160.3652801513672
2013-05-06,203.99000549316406,201.52000427246094,203.7899932861328,202.77999877929688,4826500.0,159.00872802734375
2013-05-07,203.72999572753906,201.64999389648438,202.80999755859375,203.6300048828125,3451000.0,159.67529296875
2013-05-08,204.85000610351562,202.50999450683594,202.94000244140625,204.82000732421875,3601700.0,161.36117553710938
2013-05-09,205.0,202.72000122070312,204.69000244140625,203.24000549316406,3542300.0,160.11642456054688
2013-05-10,204.52999877929688,202.82000732421875,203.3699951171875,204.47000122070312,3279200.0,161.08546447753906
2013-05-13,204.47000122070312,202.22000122070312,204.17999267578125,202.47000122070312,3648400.0,159.50982666015625
2013-05-14,203.6699981689453,202.0800018310547,202.08999633789062,203.2100067138672,3699700.0,160.0928192138672
2013-05-15,203.67999267578125,202.0399932861328,202.25,203.32000732421875,4028100.0,160.1794891357422
2013-05-16,206.58999633789062,204.0,204.0,204.69000244140625,4507000.0,161.2587432861328
2013-05-17,209.5,204.99000549316406,205.25,208.44000244140625,5704100.0,164.2130584716797
2013-05-20,209.14999389648438,207.4199981689453,208.02000427246094,207.60000610351562,3614500.0,163.5513153076172
2013-05-21,209.47999572753906,207.0,207.24000549316406,208.64999389648438,2982900.0,164.37850952148438
2013-05-22,210.14999389648438,206.1199951171875,208.5,206.99000549316406,5186800.0,163.0707244873047
2013-05-23,208.61000061035156,205.1300048828125,205.47999572753906,206.16000366210938,5179100.0,162.41685485839844
2013-05-24,206.42999267578125,204.4199981689453,204.69000244140625,205.72000122070312,3295800.0,162.07022094726562
2013-05-28,208.58999633789062,207.16000366210938,207.44000244140625,207.77999877929688,4011500.0,163.693115234375
2013-05-29,208.4199981689453,206.0399932861328,206.22000122070312,207.9199981689453,3439400.0,163.8034210205078
2013-05-30,210.99000549316406,206.97000122070312,206.97000122070312,209.36000061035156,4399700.0,164.93788146972656
2013-05-31,211.97999572753906,208.02000427246094,208.58999633789062,208.02000427246094,4949000.0,163.88217163085938
2013-06-03,210.0500030517578,207.3300018310547,208.25,208.9499969482422,3322000.0,164.61488342285156
2013-06-04,209.0,205.0800018310547,208.60000610351562,206.19000244140625,3598300.0,162.4405059814453
2013-06-05,206.2899932861328,202.39999389648438,205.16000366210938,202.74000549316406,4215400.0,159.72251892089844
2013-06-06,204.1999969482422,201.47000122070312,203.0,203.8000030517578,3679400.0,160.55763244628906
2013-06-07,206.35000610351562,204.11000061035156,204.85000610351562,206.35000610351562,2953400.0,162.56655883789062
2013-06-10,206.97999572753906,204.89999389648438,206.97000122070312,205.02000427246094,2652300.0,161.5187530517578
2013-06-11,205.9499969482422,202.50999450683594,203.1699981689453,203.97999572753906,2814400.0,160.6994171142578
2013-06-12,205.22999572753906,200.50999450683594,204.58999633789062,201.1999969482422,3409800.0,158.50927734375
2013-06-13,204.39999389648438,200.33999633789062,201.00999450683594,203.77000427246094,2899500.0,160.533935546875
2013-06-14,204.74000549316406,201.80999755859375,203.97000122070312,202.1999969482422,2804500.0,159.29710388183594
2013-06-17,205.1699981689453,202.5500030517578,203.44000244140625,203.0399932861328,3219900.0,159.95883178710938
2013-06-18,206.08999633789062,202.8699951171875,203.02000427246094,204.8699951171875,3277800.0,161.4005584716797
2013-06-19,205.02999877929688,201.92999267578125,204.44000244140625,201.94000244140625,2846100.0,159.09230041503906
2013-06-20,201.6999969482422,197.27999877929688,200.6699981689453,197.35000610351562,4514800.0,155.47618103027344
2013-06-21,198.52000427246094,193.5399932861328,198.5,195.4600067138672,8914800.0,153.9871826171875
2013-06-24,194.91000366210938,191.33999633789062,193.99000549316406,193.5399932861328,4356200.0,152.47457885742188
2013-06-25,195.58999633789062,193.14999389648438,195.30999755859375,194.97999572753906,3846200.0,153.60902404785156
2013-06-26,196.22999572753906,194.5,195.97000122070312,194.86000061035156,3320200.0,153.51449584960938
2013-06-27,196.89999389648438,195.2899932861328,196.0500030517578,195.64999389648438,3514200.0,154.1368408203125
2013-06-28,192.66000366210938,188.41000366210938,191.72999572753906,191.11000061035156,10055800.0,150.56016540527344
2013-07-01,193.8000030517578,191.1199951171875,192.14999389648438,191.27999877929688,4442400.0,150.694091796875
2013-07-02,193.22999572753906,190.25999450683594,190.77999877929688,191.5,3657700.0,150.86744689941406
2013-07-03,194.22000122070312,190.50999450683594,190.97999572753906,193.25,1872600.0,152.2461395263672
2013-07-05,195.16000366210938,192.35000610351562,194.49000549316406,194.92999267578125,2405400.0,153.56961059570312
2013-07-08,195.77999877929688,194.61000061035156,195.60000610351562,194.97999572753906,2947500.0,153.60902404785156
2013-07-09,192.8000030517578,190.77999877929688,191.8800048828125,191.3000030517578,5204200.0,150.70985412597656
2013-07-10,193.42999267578125,191.27000427246094,191.50999450683594,192.25,3892000.0,151.45826721191406
2013-07-11,194.11000061035156,192.61000061035156,193.77999877929688,192.8000030517578,4177500.0,151.89158630371094
2013-07-12,193.6999969482422,191.58999633789062,193.07000732421875,192.07000732421875,4494700.0,151.31649780273438
2013-07-15,194.88999938964844,191.67999267578125,192.4199981689453,194.0,5674700.0,152.83697509765625
2013-07-16,194.5800018310547,192.67999267578125,194.0399932861328,193.85000610351562,3745300.0,152.7188262939453
2013-07-17,194.88999938964844,193.02999877929688,194.72000122070312,194.5500030517578,6868400.0,153.2703399658203
2013-07-18,200.94000244140625,195.99000549316406,198.27000427246094,197.99000549316406,8393400.0,155.98037719726562
2013-07-19,197.99000549316406,193.24000549316406,197.91000366210938,193.5399932861328,6997600.0,152.47457885742188
2013-07-22,195.7899932861328,193.27999877929688,193.39999389648438,194.08999633789062,3398000.0,152.90785217285156
2013-07-23,196.42999267578125,194.10000610351562,194.2100067138672,194.97999572753906,2863800.0,153.60902404785156
2013-07-24,197.3000030517578,195.86000061035156,195.9499969482422,196.61000061035156,2957900.0,154.8931884765625
2013-07-25,197.8300018310547,195.66000366210938,196.3000030517578,197.22000122070312,3014300.0,155.37376403808594
2013-07-26,197.3699951171875,195.0,196.58999633789062,197.35000610351562,2485100.0,155.47618103027344
2013-07-29,197.19000244140625,195.52999877929688,196.8300018310547,196.2100067138672,2113700.0,154.5780487060547
2013-07-30,197.8300018310547,195.80999755859375,196.99000549316406,196.00999450683594,2663200.0,154.42047119140625
2013-07-31,196.91000366210938,194.49000549316406,194.49000549316406,195.0399932861328,3810000.0,153.6562957763672
2013-08-01,197.1699981689453,195.41000366210938,196.64999389648438,195.80999755859375,2877700.0,154.26290893554688
2013-08-02,195.5,193.22000122070312,195.5,195.16000366210938,3874000.0,153.7508544921875
2013-08-05,195.8800048828125,194.35000610351562,195.16000366210938,195.5,2490900.0,154.01870727539062
2013-08-06,192.50999450683594,190.27000427246094,192.25999450683594,190.99000549316406,5938500.0,150.46563720703125
2013-08-07,189.92999267578125,188.0500030517578,189.60000610351562,188.55999755859375,3901700.0,149.2938232421875
2013-08-08,189.8699951171875,186.7899932861328,189.4499969482422,187.92999267578125,4547600.0,148.79505920410156
2013-08-09,189.16000366210938,187.0,188.0,187.82000732421875,3249600.0,148.70799255371094
2013-08-12,189.55999755859375,186.88999938964844,186.97000122070312,189.08999633789062,3026500.0,149.71343994140625
2013-08-13,189.99000549316406,187.55999755859375,189.5399932861328,188.4199981689453,3542900.0,149.18299865722656
2013-08-14,188.92999267578125,187.3000030517578,188.5800018310547,187.52999877929688,2892300.0,148.47828674316406
2013-08-15,187.0,185.4499969482422,186.22999572753906,185.7899932861328,3692400.0,147.1006317138672
2013-08-16,186.4600067138672,185.33999633789062,185.5399932861328,185.33999633789062,3426400.0,146.744384765625
2013-08-19,186.5,183.97999572753906,185.3000030517578,184.22999572753906,3248900.0,145.8655242919922
2013-08-20,185.6300048828125,183.1699981689453,184.3699951171875,184.55999755859375,3117800.0,146.1267852783203
2013-08-21,186.57000732421875,184.27999877929688,184.6699981689453,184.86000061035156,3551000.0,146.36436462402344
2013-08-22,186.25,184.25,185.64999389648438,185.19000244140625,2354300.0,146.62557983398438
2013-08-23,185.74000549316406,184.57000732421875,185.33999633789062,185.4199981689453,2292700.0,146.80767822265625
2013-08-26,187.0,184.67999267578125,185.27000427246094,184.74000549316406,2170400.0,146.26931762695312
2013-08-27,184.5,182.57000732421875,183.6300048828125,182.74000549316406,3190700.0,144.685791015625
2013-08-28,183.47000122070312,181.10000610351562,182.67999267578125,182.16000366210938,3979200.0,144.22657775878906
2013-08-29,183.6999969482422,181.44000244140625,181.9600067138672,182.63999938964844,2980900.0,144.60662841796875
2013-08-30,182.99000549316406,181.50999450683594,182.75,182.27000427246094,2731000.0,144.31362915039062
2013-09-03,184.32000732421875,182.50999450683594,183.6300048828125,183.9600067138672,3487200.0,145.6517333984375
2013-09-04,184.19000244140625,182.30999755859375,183.5800018310547,183.1300048828125,2597900.0,144.99459838867188
2013-09-05,185.0,183.07000732421875,183.35000610351562,184.14999389648438,2867600.0,145.80213928222656
2013-09-06,184.99000549316406,182.64999389648438,184.64999389648438,183.02999877929688,2903500.0,144.9154510498047
2013-09-09,185.49000549316406,183.30999755859375,183.67999267578125,184.97999572753906,3017200.0,146.4593505859375
2013-09-10,187.64999389648438,186.3699951171875,187.1999969482422,186.60000610351562,3149600.0,147.74200439453125
2013-09-11,190.8699951171875,186.82000732421875,186.8300018310547,190.6999969482422,4962900.0,150.98822021484375
2013-09-12,191.32000732421875,189.85000610351562,190.9600067138672,190.72999572753906,3354800.0,151.011962890625
2013-09-13,193.10000610351562,191.0,191.2100067138672,192.1699981689453,3710400.0,152.15206909179688
2013-09-16,194.80999755859375,192.61000061035156,193.6999969482422,193.14999389648438,3902400.0,152.92800903320312
2013-09-17,194.14999389648438,191.8300018310547,193.4199981689453,192.16000366210938,2930900.0,152.14418029785156
2013-09-18,194.88999938964844,192.0,192.60000610351562,194.4199981689453,3841800.0,153.93353271484375
2013-09-19,194.88999938964844,193.22000122070312,194.17999267578125,193.38999938964844,3178100.0,153.11798095703125
2013-09-20,194.42999267578125,190.02000427246094,193.9600067138672,190.02000427246094,8525900.0,150.44981384277344
2013-09-23,192.41000366210938,189.3300018310547,190.05999755859375,190.99000549316406,3340800.0,151.21780395507812
2013-09-24,191.55999755859375,189.66000366210938,190.92999267578125,189.97000122070312,3085300.0,150.41018676757812
2013-09-25,190.6199951171875,188.5,190.13999938964844,189.47000122070312,2654500.0,150.01429748535156
2013-09-26,191.75999450683594,189.4600067138672,190.10000610351562,190.22000122070312,2093600.0,150.60813903808594
2013-09-27,188.94000244140625,186.4499969482422,188.8699951171875,186.9199981689453,3905500.0,147.99534606933594
2013-09-30,186.74000549316406,184.33999633789062,185.55999755859375,185.17999267578125,3978200.0,146.61767578125
2013-10-01,186.64999389648438,184.64999389648438,185.33999633789062,186.3800048828125,2681200.0,147.56777954101562
2013-10-02,186.30999755859375,184.41000366210938,185.5399932861328,184.9600067138672,3617100.0,146.44346618652344
2013-10-03,184.9600067138672,183.0,184.6999969482422,183.86000061035156,3211800.0,145.5725555419922
2013-10-04,185.1300048828125,183.5800018310547,184.1699981689453,184.10000610351562,2863600.0,145.76258850097656
2013-10-07,183.30999755859375,181.85000610351562,181.85000610351562,182.00999450683594,3966400.0,144.10780334472656
2013-10-08,181.99000549316406,178.7100067138672,181.88999938964844,178.72000122070312,5578300.0,141.5029754638672
2013-10-09,181.6699981689453,179.10000610351562,179.3699951171875,181.32000732421875,4423500.0,143.5615234375
2013-10-10,184.77000427246094,182.36000061035156,183.1699981689453,184.77000427246094,3658900.0,146.29307556152344
2013-10-11,186.22999572753906,184.1199951171875,185.25,186.16000366210938,3232600.0,147.3936004638672
2013-10-14,186.99000549316406,184.4199981689453,185.41000366210938,186.97000122070312,2663100.0,148.0349884033203
2013-10-15,185.94000244140625,184.22000122070312,185.74000549316406,184.66000366210938,3365100.0,146.2059783935547
2013-10-16,186.72999572753906,184.99000549316406,185.4199981689453,186.72999572753906,6718000.0,147.8449249267578
2013-10-17,177.0,172.57000732421875,173.83999633789062,174.8300018310547,22368900.0,138.42300415039062
2013-10-18,175.0,173.25,174.8000030517578,173.77999877929688,10548000.0,137.59165954589844
2013-10-21,174.75,172.6300048828125,174.4199981689453,172.86000061035156,7098700.0,136.86325073242188
2013-10-22,175.57000732421875,172.9499969482422,173.35000610351562,174.97000122070312,6977300.0,138.5338592529297
2013-10-23,175.99000549316406,174.39999389648438,175.08999633789062,175.77000427246094,5409400.0,139.1672821044922
2013-10-24,177.88999938964844,176.25,176.42999267578125,177.8000030517578,5533300.0,140.77452087402344
2013-10-25,179.10000610351562,176.25999450683594,178.42999267578125,176.85000610351562,4842800.0,140.0223388671875
2013-10-28,177.88999938964844,176.1999969482422,177.0399932861328,177.35000610351562,3712700.0,140.41819763183594
2013-10-29,182.32000732421875,177.5,177.6199951171875,182.1199951171875,8904600.0,144.19493103027344
2013-10-30,182.17999267578125,179.86000061035156,181.69000244140625,180.14999389648438,5273700.0,142.63516235351562
2013-10-31,181.6699981689453,179.0399932861328,179.64999389648438,179.2100067138672,4318100.0,141.89089965820312
2013-11-01,180.33999633789062,178.8800048828125,179.80999755859375,179.22999572753906,3644500.0,141.90670776367188
2013-11-04,180.8000030517578,179.33999633789062,179.89999389648438,180.27000427246094,3483300.0,142.7301788330078
2013-11-05,179.8000030517578,177.7100067138672,179.5399932861328,177.85000610351562,6096800.0,140.8140869140625
2013-11-06,179.75,177.77999877929688,177.91000366210938,179.19000244140625,4560700.0,142.636962890625
2013-11-07,181.38999938964844,179.60000610351562,179.60000610351562,180.0,5219500.0,143.28173828125
2013-11-08,180.0800018310547,177.35000610351562,178.8300018310547,179.99000549316406,6275000.0,143.27377319335938
2013-11-11,183.38999938964844,180.0399932861328,180.19000244140625,182.8800048828125,5222300.0,145.57423400878906
2013-11-12,184.0500030517578,182.25999450683594,182.52999877929688,183.07000732421875,4258500.0,145.72552490234375
2013-11-13,183.5500030517578,181.58999633789062,182.27000427246094,183.5500030517578,4704400.0,146.1075897216797
2013-11-14,183.1999969482422,179.66000366210938,180.47999572753906,182.2100067138672,6321500.0,145.04092407226562
2013-11-15,183.27999877929688,181.16000366210938,182.3800048828125,183.19000244140625,5176100.0,145.82101440429688
2013-11-18,184.99000549316406,183.27000427246094,183.52000427246094,184.47000122070312,5344900.0,146.8398895263672
2013-11-19,186.1999969482422,184.14999389648438,184.6300048828125,185.25,4577000.0,147.46080017089844
2013-11-20,186.24000549316406,184.64999389648438,185.22000122070312,185.19000244140625,3645800.0,147.41299438476562
2013-11-21,185.75,183.41000366210938,185.5399932861328,184.1300048828125,4459500.0,146.56924438476562
2013-11-22,184.99000549316406,179.9199981689453,183.5,181.3000030517578,7610200.0,144.3165283203125
2013-11-25,180.75,177.82000732421875,180.25,178.94000244140625,7161900.0,142.43797302246094
2013-11-26,178.94000244140625,177.30999755859375,178.6699981689453,177.30999755859375,5756000.0,141.14048767089844
2013-11-27,180.17999267578125,177.82000732421875,177.8300018310547,178.97000122070312,4596500.0,142.46182250976562
2013-11-29,180.75999450683594,179.0,179.2100067138672,179.67999267578125,2870500.0,143.02700805664062
2013-12-02,179.58999633789062,177.1199951171875,179.4600067138672,177.47999572753906,4560000.0,141.2758026123047
2013-12-03,178.22999572753906,175.63999938964844,177.0,176.0800018310547,5864000.0,140.16140747070312
2013-12-04,177.5,175.16000366210938,175.3699951171875,175.74000549316406,5267400.0,139.8907470703125
2013-12-05,176.86000061035156,175.27999877929688,176.14999389648438,176.0800018310547,4384900.0,140.16140747070312
2013-12-06,178.0,176.00999450683594,176.6999969482422,177.6699981689453,4739800.0,141.4270477294922
2013-12-09,178.14999389648438,176.8300018310547,177.99000549316406,177.4600067138672,3796600.0,141.25991821289062
2013-12-10,177.6699981689453,176.05999755859375,176.89999389648438,177.1199951171875,4127800.0,140.98924255371094
2013-12-11,177.75999450683594,175.10000610351562,177.0,175.1999969482422,4090400.0,139.46092224121094
2013-12-12,175.8000030517578,173.3000030517578,175.05999755859375,173.3699951171875,5671600.0,138.00418090820312
2013-12-13,174.3800048828125,172.72999572753906,173.52000427246094,172.8000030517578,4184400.0,137.5504913330078
2013-12-16,178.35000610351562,172.72999572753906,173.22000122070312,177.85000610351562,7517000.0,141.57032775878906
2013-12-17,177.49000549316406,175.1199951171875,177.36000061035156,175.75999450683594,5471900.0,139.90667724609375
2013-12-18,178.74000549316406,174.85000610351562,176.4499969482422,178.6999969482422,5697700.0,142.2469024658203
2013-12-19,180.5399932861328,177.8800048828125,177.8800048828125,180.22000122070312,5927000.0,143.45689392089844
2013-12-20,182.0,180.02000427246094,180.1199951171875,180.02000427246094,7653500.0,143.29763793945312
2013-12-23,182.92999267578125,180.61000061035156,181.0500030517578,182.22999572753906,4079900.0,145.05682373046875
2013-12-24,183.5,181.91000366210938,181.9600067138672,183.22000122070312,1613600.0,145.84487915039062
2013-12-26,185.55999755859375,183.50999450683594,183.55999755859375,185.35000610351562,3325700.0,147.54039001464844
2013-12-27,186.5,184.55999755859375,185.83999633789062,185.0800018310547,3381600.0,147.325439453125
2013-12-30,186.6999969482422,184.6699981689453,185.32000732421875,186.41000366210938,3018600.0,148.38414001464844
2013-12-31,187.7899932861328,186.3000030517578,186.49000549316406,187.57000732421875,3619700.0,149.30755615234375
