Date,MSFT,INTC,KO,WMT
2018-01-02,85.949997,46.849998,45.540001000000004,98.589996
2018-01-03,86.349998,45.259997999999996,45.439999,99.449997
2018-01-04,87.110001,44.43,46.080002,99.540001
2018-01-05,88.190002,44.740002000000004,46.07,100.129997
2018-01-08,88.279999,44.740002000000004,46.0,101.610001
2018-01-09,88.220001,43.619999,46.23,100.389999
2018-01-10,87.82,42.5,46.07,99.66999799999999
2018-01-11,88.08000200000001,43.41,46.040001000000004,100.019997
2018-01-12,89.599998,43.240002000000004,46.150002,100.870003
2018-01-16,88.349998,43.139998999999996,46.529999,100.690002
2018-01-17,90.139999,44.389998999999996,46.82,102.699997
2018-01-18,90.099998,44.48,46.880001,104.300003
2018-01-19,90.0,44.82,47.16,104.589996
2018-01-22,91.610001,45.75,47.380001,105.449997
2018-01-23,91.900002,46.060001,47.450001,105.900002
2018-01-24,91.82,45.509997999999996,47.830002,105.790001
2018-01-25,92.33000200000001,45.299999,47.84,106.599998
2018-01-26,94.059998,50.080002,48.529999,108.389999
2018-01-29,93.91999799999999,49.98,47.700001,109.550003
2018-01-30,92.739998,48.790001000000004,47.41,107.730003
2018-01-31,95.010002,48.139998999999996,47.59,106.599998
2018-02-01,94.260002,47.650002,47.450001,105.519997
2018-02-02,91.779999,46.150002,46.73,104.480003
2018-02-05,88.0,44.52,44.889998999999996,100.089996
2018-02-06,91.33000200000001,44.91,44.669998,100.900002
2018-02-07,89.610001,45.200001,44.560001,102.849998
2018-02-08,85.010002,42.75,43.099998,100.019997
2018-02-09,88.18,43.950001,43.130001,99.370003
2018-02-12,89.129997,44.830002,43.970001,99.550003
2018-02-13,89.83000200000001,44.459998999999996,44.189999,100.980003
2018-02-14,90.809998,45.380001,44.099998,101.699997
2018-02-15,92.660004,45.919998,44.779999,103.230003
2018-02-16,92.0,45.560001,44.98,104.779999
2018-02-20,92.720001,46.32,43.990002000000004,94.110001
2018-02-21,91.489998,45.939999,43.34,91.519997
2018-02-22,91.730003,45.799999,43.52,92.769997
2018-02-23,94.059998,47.73,44.040001000000004,92.889999
2018-02-26,95.41999799999999,49.110001000000004,44.029999,93.120003
2018-02-27,94.199997,49.91,43.619999,91.519997
2018-02-28,93.769997,49.290001000000004,43.220001,90.010002
2018-03-01,92.849998,47.84,43.43,89.08000200000001
2018-03-02,93.050003,48.98,43.720001,88.769997
2018-03-05,93.639999,49.75,43.889998999999996,89.980003
2018-03-06,93.32,50.709998999999996,43.93,89.059998
2018-03-07,93.860001,51.32,43.82,87.739998
2018-03-08,94.43,50.740002000000004,44.450001,87.91999799999999
2018-03-09,96.540001,52.189999,44.82,88.720001
2018-03-12,96.769997,51.52,44.529999,88.07
2018-03-13,94.410004,51.779999,44.57,88.300003
2018-03-14,93.849998,51.860001000000004,43.779999,87.66999799999999
2018-03-15,94.18,50.880001,43.669998,87.510002
2018-03-16,94.599998,51.169998,43.459998999999996,89.16999799999999
2018-03-19,92.889999,50.830002,43.259997999999996,87.449997
2018-03-20,93.129997,51.549999,43.16,87.949997
2018-03-21,92.480003,51.560001,43.0,88.18
2018-03-22,89.790001,50.830002,42.759997999999996,87.139999
2018-03-23,87.18,49.360001000000004,42.330002,85.41999799999999
2018-03-26,93.779999,52.48,42.689999,87.5
2018-03-27,89.470001,51.189999,42.889998999999996,86.050003
2018-03-28,89.389999,49.599998,43.32,87.769997
2018-03-29,91.269997,52.080002,43.43,88.970001
2018-04-02,88.519997,48.919998,42.669998,85.550003
2018-04-03,89.709999,49.75,43.380001,86.800003
2018-04-04,92.33000200000001,49.990002000000004,44.240002000000004,87.220001
2018-04-05,92.379997,50.380001,44.400002,87.809998
2018-04-06,90.230003,48.790001000000004,43.919998,86.690002
2018-04-09,90.769997,49.549999,43.830002,86.279999
2018-04-10,92.879997,51.27,43.990002000000004,86.449997
2018-04-11,91.860001,51.099998,43.990002000000004,85.910004
2018-04-12,93.58000200000001,52.720001,44.029999,85.43
2018-04-13,93.08000200000001,51.860001000000004,44.509997999999996,86.019997
2018-04-16,94.16999799999999,52.400002,44.68,86.839996
2018-04-17,96.07,53.540001000000004,44.880001,87.900002
2018-04-18,96.440002,53.610001000000004,44.509997999999996,87.57
2018-04-19,96.110001,52.220001,44.310001,87.889999
2018-04-20,95.0,51.529999,43.740002000000004,86.980003
2018-04-23,95.349998,51.099998,43.98,86.099998
2018-04-24,93.120003,51.450001,43.07,86.529999
2018-04-25,92.309998,51.380001,42.43,87.16999799999999
2018-04-26,94.260002,53.049999,42.75,87.940002
2018-04-27,95.82,52.73,43.310001,87.290001
2018-04-30,93.519997,51.619999,43.209998999999996,88.459999
2018-05-01,95.0,53.330002,42.59,87.410004
2018-05-02,93.510002,52.310001,42.060001,86.339996
2018-05-03,94.07,52.279999,41.889998999999996,86.230003
2018-05-04,95.160004,52.779999,42.360001000000004,87.529999
2018-05-07,96.220001,53.330002,42.139998999999996,85.470001
2018-05-08,95.809998,53.630001,41.810001,85.739998
2018-05-09,96.940002,54.34,41.779999,83.059998
2018-05-10,97.910004,54.98,42.18,82.690002
2018-05-11,97.699997,54.669998,42.139998999999996,83.379997
2018-05-14,98.029999,54.900002,42.040001000000004,84.389999
2018-05-15,97.32,53.919998,41.720001,84.519997
2018-05-16,97.150002,54.639998999999996,41.549999,86.129997
2018-05-17,96.18,54.810001,42.299999,84.489998
2018-05-18,96.360001,53.5,42.18,83.639999
2018-05-21,97.599998,54.32,42.41,84.510002
2018-05-22,97.5,54.450001,42.25,83.370003
2018-05-23,98.660004,55.209998999999996,42.400002,83.010002
2018-05-24,98.309998,54.75,42.32,82.849998
2018-05-25,98.360001,55.439999,42.400002,82.459999
2018-05-29,98.010002,55.32,42.68,82.400002
2018-05-30,98.949997,55.68,43.130001,84.120003
2018-05-31,98.839996,55.200001,43.0,82.540001
2018-06-01,100.790001,57.080002,43.119999,82.989998
2018-06-04,101.66999799999999,56.830002,43.490002000000004,85.41999799999999
2018-06-05,102.190002,56.529999,43.110001000000004,84.620003
2018-06-06,102.489998,57.029999,43.459998999999996,84.559998
2018-06-07,100.879997,55.880001,43.439999,84.949997
2018-06-08,101.629997,55.049999,43.950001,84.360001
2018-06-11,101.050003,54.52,44.130001,84.300003
2018-06-12,101.309998,54.82,44.41,84.099998
2018-06-13,100.849998,55.029999,44.18,84.089996
2018-06-14,101.41999799999999,55.540001000000004,43.580002,83.790001
2018-06-15,100.129997,55.110001000000004,44.119999,83.699997
2018-06-18,100.860001,53.220001,43.549999,83.0
2018-06-19,100.860001,52.93,43.599998,83.610001
2018-06-20,101.870003,53.459998999999996,43.259997999999996,83.610001
2018-06-21,101.139999,52.189999,43.09,84.209999
2018-06-22,100.410004,52.5,43.25,84.82
2018-06-25,98.389999,50.709998999999996,43.580002,86.470001
2018-06-26,99.08000200000001,49.669998,43.330002,85.980003
2018-06-27,97.540001,48.759997999999996,43.07,86.889999
2018-06-28,98.629997,49.25,43.470001,85.860001
2018-06-29,98.610001,49.709998999999996,43.860001000000004,85.650002
2018-07-02,100.010002,50.200001,43.75,84.0
2018-07-03,99.050003,49.470001,43.990002000000004,84.440002
2018-07-05,99.760002,50.75,44.66,84.57
2018-07-06,101.160004,51.369999,44.639998999999996,84.510002
2018-07-09,101.849998,51.860001000000004,44.400002,85.93
2018-07-10,102.120003,52.16,44.970001,87.209999
2018-07-11,101.980003,51.200001,44.790001000000004,86.529999
2018-07-12,104.190002,52.349998,44.669998,86.519997
2018-07-13,105.43,52.220001,44.740002000000004,87.699997
2018-07-16,104.910004,52.009997999999996,44.73,87.639999
2018-07-17,105.949997,51.75,45.25,88.190002
2018-07-18,105.120003,51.720001,45.119999,88.07
2018-07-19,104.400002,51.98,45.110001000000004,87.720001
2018-07-20,106.269997,51.91,45.279999,88.059998
2018-07-23,107.970001,52.310001,44.950001,87.629997
2018-07-24,107.660004,52.18,45.259997999999996,87.959999
2018-07-25,110.83000200000001,52.43,46.09,87.900002
2018-07-26,109.620003,52.16,46.240002000000004,88.230003
2018-07-27,107.68,47.68,46.209998999999996,88.129997
2018-07-30,105.370003,47.689999,46.23,88.879997
2018-07-31,106.08000200000001,48.099998,46.630001,89.230003
2018-08-01,106.279999,48.810001,46.389998999999996,88.239998
2018-08-02,107.57,49.48,46.18,88.760002
2018-08-03,108.040001,49.630001,46.619999,89.599998
2018-08-06,108.129997,49.299999,46.650002,89.66999799999999
2018-08-07,108.879997,49.700001,46.5,89.769997
2018-08-08,109.489998,49.959998999999996,46.150002,90.050003
2018-08-09,109.66999799999999,50.139998999999996,46.349998,89.010002
2018-08-10,109.0,48.849998,46.080002,90.18
2018-08-13,108.209999,48.450001,45.830002,89.639999
2018-08-14,109.559998,48.119999,45.889998999999996,90.849998
2018-08-15,107.660004,47.459998999999996,46.080002,90.220001
2018-08-16,107.639999,47.169998,46.220001,98.639999
2018-08-17,107.58000200000001,47.099998,46.599998,97.849998
2018-08-20,106.870003,46.5,46.73,96.0
2018-08-21,105.980003,47.619999,46.220001,96.08000200000001
2018-08-22,107.059998,47.049999,45.93,95.66999799999999
2018-08-23,107.559998,46.98,45.700001,95.18
2018-08-24,108.400002,47.66,45.630001,94.949997
2018-08-27,109.599998,48.349998,45.689999,94.540001
2018-08-28,110.260002,48.57,45.369999,96.07
2018-08-29,112.019997,48.75,45.330002,95.639999
2018-08-30,111.949997,48.240002000000004,44.950001,96.099998
2018-08-31,112.33000200000001,48.43,44.57,95.860001
2018-09-04,111.709999,47.959998999999996,44.759997999999996,95.360001
2018-09-05,108.489998,47.720001,45.380001,96.620003
2018-09-06,108.739998,47.259997999999996,45.77,96.449997
2018-09-07,108.209999,46.450001,45.720001,95.83000200000001
2018-09-10,109.379997,46.299999,46.060001,96.900002
2018-09-11,111.239998,44.93,46.02,96.639999
2018-09-12,111.709999,44.93,46.240002000000004,95.970001
2018-09-13,112.910004,45.57,45.830002,95.120003
2018-09-14,113.370003,45.540001000000004,45.990002000000004,94.589996
2018-09-17,112.139999,45.419998,46.32,94.82
2018-09-18,113.209999,46.099998,45.93,95.43
2018-09-19,111.699997,46.150002,45.959998999999996,95.239998
2018-09-20,113.57,47.200001,46.639998999999996,95.75
2018-09-21,114.260002,46.66,46.580002,95.900002
2018-09-24,114.66999799999999,46.91,46.07,94.91999799999999
2018-09-25,114.449997,45.91,45.68,95.099998
2018-09-26,113.980003,45.700001,45.849998,94.589996
2018-09-27,114.410004,45.880001,46.009997999999996,94.129997
2018-09-28,114.370003,47.290001000000004,46.189999,93.910004
2018-10-01,115.610001,46.450001,46.23,94.400002
2018-10-02,115.150002,48.099998,46.509997999999996,95.150002
2018-10-03,115.16999799999999,48.759997999999996,45.869999,94.07
2018-10-04,112.790001,48.130001,45.849998,94.209999
2018-10-05,112.129997,47.029999,45.880001,93.309998
2018-10-08,110.849998,47.029999,46.48,94.690002
2018-10-09,112.260002,46.549999,46.389998999999996,97.08000200000001
2018-10-10,106.160004,44.799999,45.68,95.760002
2018-10-11,105.910004,44.23,44.639998999999996,93.91999799999999
2018-10-12,109.57,44.880001,44.68,94.809998
2018-10-15,107.599998,44.529999,44.91,93.82
2018-10-16,111.0,45.939999,45.490002000000004,95.809998
2018-10-17,110.709999,45.889998999999996,45.860001000000004,96.559998
2018-10-18,108.5,44.970001,45.610001000000004,96.16999799999999
2018-10-19,108.660004,44.0,46.330002,97.150002
2018-10-22,109.629997,45.009997999999996,45.970001,97.139999
2018-10-23,108.099998,44.5,46.360001000000004,97.800003
2018-10-24,102.32,42.419998,46.73,97.559998
2018-10-25,108.300003,44.310001,46.509997999999996,99.18
2018-10-26,106.959999,45.689999,45.919998,98.940002
2018-10-29,103.849998,45.400002,46.459998999999996,99.800003
2018-10-30,103.730003,47.759997999999996,47.630001,102.41999799999999
2018-10-31,106.809998,46.880001,47.880001,100.279999
2018-11-01,105.91999799999999,48.220001,47.740002000000004,100.58000200000001
2018-11-02,106.160004,47.110001000000004,48.0,101.339996
2018-11-05,107.510002,47.970001,48.689999,102.910004
2018-11-06,107.720001,47.25,49.110001000000004,103.33000200000001
2018-11-07,111.959999,48.720001,49.369999,104.32
2018-11-08,111.75,48.990002000000004,49.330002,104.879997
2018-11-09,109.57,48.110001000000004,49.68,105.559998
2018-11-12,106.870003,46.650002,49.869999,103.870003
2018-11-13,106.940002,47.389998999999996,49.860001000000004,102.940002
2018-11-14,104.970001,47.09,49.759997999999996,101.529999
2018-11-15,107.279999,48.110001000000004,49.740002000000004,99.540001
2018-11-16,108.290001,48.830002,50.169998,97.690002
2018-11-19,104.620003,48.0,50.509997999999996,96.779999
2018-11-20,101.709999,47.389998999999996,49.380001,94.160004
2018-11-21,103.110001,47.029999,48.73,94.16999799999999
2018-11-23,103.07,46.540001000000004,49.02,95.099998
2018-11-26,106.470001,47.450001,48.869999,95.150002
2018-11-27,107.139999,48.07,49.369999,95.040001
2018-11-28,111.120003,48.860001000000004,49.709998999999996,97.459999
2018-11-29,110.190002,47.700001,48.98,97.290001
2018-11-30,110.889999,49.310001,50.400002,97.650002
2018-12-03,112.089996,50.130001,49.689999,98.75
2018-12-04,108.519997,47.75,49.580002,95.809998
2018-12-06,109.190002,48.369999,49.380001,94.769997
2018-12-07,104.82,46.240002000000004,49.09,93.190002
2018-12-10,107.589996,47.209998999999996,49.240002000000004,93.940002
2018-12-11,108.589996,47.380001,49.540001000000004,93.849998
2018-12-12,109.08000200000001,47.830002,49.220001,93.110001
2018-12-13,109.449997,48.290001000000004,49.470001,92.959999
2018-12-14,106.029999,47.860001000000004,49.34,91.849998
2018-12-17,102.889999,47.080002,48.330002,90.769997
2018-12-18,103.970001,47.740002000000004,48.32,91.08000200000001
2018-12-19,103.690002,45.57,47.900002,90.550003
2018-12-20,101.510002,45.540001000000004,47.540001000000004,87.279999
2018-12-21,98.230003,44.84,47.57,87.129997
2018-12-24,94.129997,43.59,45.959998999999996,85.82
2018-12-26,100.559998,46.189999,46.939999,90.410004
2018-12-27,101.18,46.360001000000004,47.529999,91.589996
2018-12-28,100.389999,46.75,47.200001,92.129997
